 6.952471 24.642113 3.495495
 7.899451 24.424947 4.817536
 10.378137 24.592630 8.419457
 9.816016 22.734533 6.054408
 11.796432 20.453021 7.829454
 13.464596 21.947341 8.784442
 12.495786 18.630851 13.391161
 12.505551 15.636026 13.825029
 12.176965 15.883851 12.070407
 10.899617 17.383814 11.751927
 11.728914 12.185878 12.991928
 13.731059 14.190540 13.514171
 14.171810 11.922105 11.909186
 17.745053 11.064951 10.978696
 19.447098 10.817917 10.982816
 20.339330 10.351271 11.311162
 20.707576 12.661189 12.881086
 19.364297 15.602275 7.370913
 19.295625 17.352127 13.049465
 19.591437 16.095774 12.285535
 19.936062 15.485794 8.193701
 19.116438 12.481318 8.724784
 18.348214 9.711159 9.838321
 15.745497 9.901879 8.635781
 17.094902 11.947587 7.732431
 18.022049 8.786708 6.841797
 19.018927 5.366129 9.356503
 19.264173 6.828082 9.598956
 17.783435 8.427146 9.444207
 18.551125 6.491281 7.967899
 18.105888 8.272051 6.348049
 18.296251 9.642378 7.414110
 16.300676 8.183110 7.852832
 16.614474 5.400485 8.876507
 15.509894 6.307728 9.896469
 13.865802 7.531288 10.586093
 14.817111 8.115350 10.883201
 12.356848 4.653318 10.197625
 15.369895 7.394676 11.349911
 10.002060 6.962537 10.702161
 11.238327 7.270273 11.225489
 10.841497 8.151169 11.822752
 7.023070 10.618474 14.363069
 9.000001 8.521994 17.286991
 8.160234 12.119094 18.587969
 10.209181 9.876246 20.710165
 9.441684 14.280857 23.702939
 6.718318 7.357389 24.160075
 6.201850 6.970326 22.663715
 6.080805 7.642772 22.548982
 5.932268 4.931895 19.375521
 4.235976 3.035979 18.476936
 4.882711 3.818095 19.039329
 5.567843 2.861830 16.236096
 6.338675 3.188327 15.366394
 8.485054 3.601680 17.067004
 7.280883 5.182934 14.724275
 9.545265 6.021188 16.005559
 11.111891 8.366702 17.735604
 7.451470 9.669096 12.087412
 7.452761 12.595218 11.623815
 6.922802 13.610171 10.345634
 11.358196 14.307423 8.210088
 9.205032 14.485710 7.654413
 8.254859 17.477773 3.262473
 10.202313 20.275085 2.928531
 8.395736 17.044787 1.836594
 9.941200 18.138116 -0.204125
 12.219114 18.538968 -1.544046
 11.122864 17.592434 1.264330
 10.738302 13.359530 2.961162
 11.659942 10.999437 1.721711
 14.753833 9.409411 5.324714
 14.186093 6.921464 6.794241
 14.250921 5.390290 5.817959
 17.734096 3.244142 6.846196
 16.674078 2.637956 7.872953
 19.805631 2.074923 9.797499
 23.016190 2.427240 8.822761
 18.556869 3.754685 11.192318
 18.600947 4.217934 12.184012
 18.311270 4.972077 12.875634
 15.819877 5.398627 16.184154
 15.782049 4.055008 17.615144
 15.413303 2.634831 18.262189
 19.849845 3.807717 20.869683
 17.104535 2.779356 24.257694
 15.683654 4.753852 22.488718
 17.054788 5.447100 22.671109
 17.119420 4.699953 22.101102
 15.767485 9.436255 22.396092
 13.964213 9.839574 21.349697
 12.841420 9.695069 20.235417
 12.980637 7.937597 16.475154
 10.552479 11.266215 15.294882
 14.341751 11.545517 14.235699
 13.940263 12.064596 11.279793
 17.529612 12.938187 7.854079
 16.172576 14.417979 8.201302
 13.319991 14.740553 6.534812
 15.258671 14.667603 4.358004
 10.755185 12.899866 4.034983
 11.092898 12.444880 2.545711
 11.715085 13.027634 3.430027
