 4.681276 10.571474 11.892472
 4.440947 12.221585 13.210517
 5.865055 9.318188 13.353049
 4.667708 11.904669 14.181873
 6.061245 10.445678 14.077469
 4.442469 13.840844 13.846645
 4.044032 11.082317 14.472931
 3.677919 12.870118 15.217395
 8.580827 13.497792 13.901584
 9.545845 14.717728 13.246281
 10.675779 15.668587 11.822251
 9.290781 15.391145 12.851622
 7.910955 16.147456 10.349250
 10.661495 19.206613 12.415706
 10.969750 19.221815 12.553205
 10.548759 15.263469 11.429183
 15.123762 15.430020 10.003009
 15.394399 18.755355 11.840302
 20.198376 17.854093 13.054166
 17.693168 14.813808 11.733445
 15.649163 18.918219 13.049537
 17.238553 19.464845 13.042032
 13.264697 18.022315 11.982894
 11.855995 17.650597 11.586940
 10.924469 13.388281 11.229880
 11.732230 15.938902 10.944291
 11.456183 14.793420 13.347912
 11.159731 12.573832 13.154428
 9.480916 12.545196 15.510587
 11.639279 13.463974 16.477536
 11.412936 8.866905 14.559475
 8.481394 11.883883 11.785720
 9.343535 8.509004 12.712707
 5.529748 10.206123 11.426520
 5.093163 9.099161 12.386782
 7.655062 10.615933 15.331270
 2.554163 9.549505 14.096448
 2.210137 4.574463 13.860237
 2.702074 9.158173 13.475590
 -1.339259 6.802936 14.696496
 0.732268 8.172218 13.308410
 0.084717 8.040158 11.160053
 2.457922 8.965403 12.984663
 1.549236 9.652192 12.116933
 2.921620 12.557943 11.050959
 2.309488 10.353513 12.301514
 5.332655 11.436425 10.651083
 4.377021 12.568399 10.820012
 5.189968 11.512409 16.350380
 6.358422 13.060653 12.890020
 4.788704 12.802388 16.165618
 5.420025 13.089007 16.138353
 3.934858 11.067451 15.874082
 3.605595 13.531115 16.285410
 3.843844 14.874054 16.167438
 3.496567 10.831679 16.862360
 7.194567 12.926067 17.983016
 3.903973 12.979795 16.816382
 6.211704 12.848479 16.772696
 6.313887 14.930540 15.878279
 5.874325 10.895001 16.248753
 5.945514 13.546375 15.194352
 4.749141 14.257118 11.469473
 5.276309 16.095748 12.001280
 2.479807 14.831160 10.756407
 3.435869 14.264090 12.131913
 2.548789 14.563295 12.626021
 -0.015088 11.603802 13.097250
 2.385770 12.220575 12.530388
 -2.972282 10.769435 15.691139
 -3.931237 11.404347 15.812556
 -3.444678 9.944944 14.757279
 -2.604726 12.709340 14.070013
 -0.570417 11.668069 13.963675
 0.583578 9.249410 14.238737
 -2.173283 9.634007 16.636042
 0.066007 8.680113 12.841138
 0.068606 7.202862 14.639532
 3.555300 5.559677 17.900634
 2.251586 8.233866 18.045019
 7.171837 7.828644 17.243528
 5.601814 9.233442 17.984573
 6.434055 10.225131 15.725663
 5.531120 9.634530 19.237920
 7.044306 7.792910 17.533017
 8.148777 6.748631 17.405412
 11.344206 8.449611 15.679313
 7.172253 7.708588 14.103957
 10.533444 14.104198 14.404360
 7.832038 9.769093 12.750871
 7.848558 12.203790 11.227677
 6.520708 15.545272 10.512534
 5.185600 14.215399 9.986527
 9.722754 15.420489 8.894342
 5.103426 15.628507 10.043193
 5.959761 14.308398 9.416111
 6.245085 17.034018 8.439183
 6.811225 14.546323 10.022476
 1.271423 18.625716 8.599565
 7.625121 18.312794 9.973593
 -0.080419 17.492744 7.781154
 2.831067 16.332722 11.060946
 4.806235 16.278325 11.927942
 4.434097 14.893765 9.364194
 6.342268 14.906575 11.909730
 5.438393 17.457174 14.675574
 9.440419 13.650094 14.421647
 9.510093 14.275594 17.499888
 9.430504 13.609729 15.442445
 10.010939 14.505697 18.678890
 13.046644 13.571120 17.209223
 12.871081 13.720704 19.392360
 12.588859 14.285935 20.359644
 11.882642 16.010978 20.762216
 10.003771 15.617226 18.360013
 13.279017 16.928188 19.490959
 11.938618 11.932783 16.646532
 8.877352 13.644871 19.017455
 12.726105 22.833735 19.330848
 7.239362 18.666113 15.935824
 9.094727 19.180361 15.210165
 12.837540 24.349859 9.203204
 14.886288 22.761393 6.722857
