 0.984179 2.788109 -1.880520
 3.431187 2.642819 -1.085353
 -0.312627 -2.287418 -1.433984
 2.272299 -1.986023 -3.345053
 1.207043 -3.742114 -5.454980
 -2.062164 -6.287590 -5.185994
 -2.458761 -4.484199 -7.144876
 -2.662301 -6.752614 -8.805043
 -5.481718 -8.896294 -12.497367
 -7.069047 -7.585844 -13.593680
 -4.347649 -5.580252 -12.357995
 -4.382011 -7.074915 -15.856917
 -3.066946 -12.757403 -17.527735
 -5.102186 -8.593369 -16.848638
 -3.057181 -7.549251 -16.231264
 -3.124541 -10.764108 -17.134681
 -5.271012 -12.549892 -19.324552
 -5.421007 -8.100581 -20.498583
 -0.075595 -9.849842 -19.054637
 -1.672381 -10.233965 -22.470013
 -5.696905 -12.632806 -23.572352
 -6.750596 -8.814062 -24.024686
 -4.565469 -9.713061 -20.254890
 -8.047735 -4.591977 -23.862265
 -6.849898 -4.396142 -24.593186
 -7.441427 -5.768858 -18.982461
 -4.879625 -3.072168 -19.709715
 -5.947942 -4.899399 -18.076831
 -5.050844 -2.305709 -13.740553
 -4.947227 -2.481178 -15.306085
 -4.350869 -0.675382 -11.103335
 -5.706530 -1.011086 -7.238062
 -5.844245 -0.667723 -6.804086
 -3.701414 0.913726 -4.790459
 0.936514 -1.931660 -2.624178
 -3.249857 -4.273779 -8.145321
 -3.301810 -3.253391 -12.611524
 -7.678664 -4.433502 -11.124231
 -6.241902 -6.595869 -11.768708
 -10.522297 -4.204608 -16.015113
 -11.502814 -0.204419 -18.607460
 -12.004545 -3.281688 -19.750514
 -12.512060 -1.783410 -19.548107
 -9.838466 -0.978133 -21.673009
 -14.361444 0.115385 -22.031548
 -16.565012 1.464900 -28.370106
 -16.669229 0.822869 -22.248127
 -18.017163 -1.036970 -22.614810
 -16.661870 2.899511 -24.771613
 -15.424041 1.972677 -27.586558
 -12.914885 2.684698 -27.850059
 -12.021485 -0.489025 -26.341024
 -6.767605 1.054978 -25.837428
 -7.706555 3.301706 -25.405965
 -5.712797 2.989842 -28.762638
 -6.717133 3.453431 -28.367406
 -9.608049 0.365895 -29.087436
 -10.566168 3.636268 -28.743322
 -11.170992 2.449042 -26.244113
 -9.682452 3.811823 -23.977237
 -10.629178 6.824530 -21.455681
 -11.721171 1.840355 -20.869283
 -9.257289 4.033715 -18.955533
 -9.705645 11.125105 -19.350099
 -11.480411 8.000157 -19.396909
 -9.604013 5.195591 -16.140889
 -9.299011 8.439791 -15.782190
 -11.287407 11.042523 -15.859683
 -11.107590 6.633097 -15.081871
 -6.098227 9.999704 -13.451436
 -10.029444 10.872498 -13.035802
 -12.021538 9.834083 -12.914824
 -11.990474 9.670345 -9.549793
 -9.682723 7.879684 -10.076509
 -10.214406 12.030416 -8.242880
 -8.090998 12.519110 -10.249564
 -5.637810 10.842725 -9.542775
 -5.427114 13.128603 -9.691546
 -2.985496 4.942547 -9.877702
 -3.780003 6.691493 -8.279631
 -2.947815 1.397426 -12.953236
 -3.916314 1.213890 -13.481736
 -3.796012 0.029853 -18.032168
 -5.239659 0.696138 -18.116483
 -7.048767 -1.840998 -22.106854
 -8.684964 -1.737269 -25.060086
 -4.500981 -1.179942 -23.994581
 -5.824697 1.742955 -25.995240
 -3.487366 3.708936 -26.622451
 -5.064923 3.887166 -29.532436
 -1.863819 3.739554 -27.476750
 0.604400 6.390581 -30.821356
 1.232263 4.388036 -31.879308
 4.592306 7.122218 -35.206505
 5.866037 4.268986 -37.934274
 2.554438 5.213935 -35.884625
 -1.770994 5.557258 -35.493131
 -1.022917 6.757419 -35.593261
 -0.489174 2.621500 -32.486956
 -2.761557 2.103024 -31.144094
 0.715035 4.296319 -29.969085
 -4.265723 2.064890 -26.027169
 -1.325575 3.116146 -26.662130
 0.343877 -1.321654 -21.198679
 1.801475 1.944889 -20.987090
 2.337830 2.749649 -16.340038
 -1.352159 5.101354 -18.590914
 0.286853 5.294470 -14.245193
 -1.225930 9.330458 -16.677573
 -0.482012 10.368227 -12.055722
 -0.441663 10.952730 -8.048768
 4.625998 12.886105 -9.453015
 -2.203833 16.632355 -10.797196
 -2.289899 13.308096 -8.127212
 0.385951 10.937578 -5.998428
 -0.585376 10.347367 -1.431295
 -1.360624 8.705954 -3.270477
 0.535155 8.001381 -2.858377
 -0.846929 7.382219 -6.178246
 0.703315 6.132525 -5.355701
 3.025142 4.481413 -3.786549
 2.493267 2.493306 -7.793721
 1.962082 1.279605 -6.575564
 3.565894 -0.578658 -4.762315
 1.680251 0.600114 -7.132360
 2.285764 0.187858 -7.753483
 5.552040 -1.125290 -9.802678
 0.031991 -3.726610 -6.136805
 0.209520 -3.287063 -11.520790
 3.779667 -0.224901 -14.043852
 4.733575 -5.109986 -12.005012
 0.737467 -7.546386 -13.367287
