 -1.033724 -0.413506 -6.765139
 0.042677 0.844200 -5.267077
 -0.936394 -0.769027 -1.732598
 1.466610 3.069959 -1.256706
 0.775295 1.810756 2.292224
 2.962801 2.572759 4.495141
 0.533486 2.808139 7.450367
 3.594199 3.384066 7.636406
 3.241689 2.531224 10.408150
 4.993621 3.960388 11.526179
 5.981909 3.937064 7.716752
 5.130620 3.485268 8.319923
 5.595193 4.692471 5.473733
 7.757141 5.108458 8.215307
 6.494112 5.760354 7.379900
 6.851958 5.092354 7.171185
 7.387067 8.104627 6.668538
 7.715571 7.364070 4.599136
 7.862035 7.561478 3.085905
 6.155247 4.146812 2.521077
 7.402526 6.757216 3.010799
 1.877065 6.169229 3.451261
 5.136379 2.127419 5.750937
 2.586310 2.148131 3.264392
 3.795948 -1.659695 3.300950
 2.394820 0.078153 2.048091
 5.157014 -2.486432 3.380272
 5.997161 -1.905855 4.254163
 3.916311 -2.870523 3.446427
 3.781007 -1.785036 3.697639
 3.361007 -1.232986 1.523975
 1.263170 -0.703570 1.055275
 3.762307 -1.012799 -4.346038
 3.987418 0.933509 -6.190795
 3.183130 -1.086180 -7.881594
 4.308010 0.215354 -7.085563
 2.574984 3.349634 -8.336581
 3.730777 2.715059 -6.982968
 3.462282 2.450298 -6.975533
 3.474548 2.956395 -8.624869
 4.001471 4.681926 -7.757613
 1.075100 3.253857 -8.792563
 -0.613506 3.624788 -8.949726
 -1.269798 3.412638 -11.091804
 1.302205 0.906527 -7.535648
 1.068265 -0.615587 -8.813375
 -0.525970 -1.421295 -11.099427
 0.955238 -2.477926 -7.582396
 2.596141 -4.306398 -4.812165
 0.185523 -4.227673 -5.204250
 4.168165 -2.373311 -1.941946
 4.330551 -2.530158 -2.772290
 2.693353 -2.623686 -2.375834
 2.133320 -1.127089 -5.025186
 3.660106 0.731147 0.121956
 1.000712 1.381722 -4.553139
 1.757551 2.808337 -2.530708
 4.700084 1.638832 1.766713
 3.993984 4.710293 -0.492165
 3.758668 5.090610 -0.085515
 4.813899 6.310766 -0.519734
 5.630420 5.049508 -0.837500
 4.420028 3.270720 -0.139001
 6.482587 0.991623 0.803740
 7.497066 0.504359 -0.520341
 5.458560 0.358068 1.193254
 5.834637 -0.549226 2.019742
 8.903664 -4.058149 1.939008
 7.629324 -3.493106 3.293630
 8.361065 -0.519574 3.572574
 6.557713 -1.947742 5.199832
 10.072342 -1.147651 1.313343
 5.307708 -1.220443 -0.318288
 4.036311 -1.049648 0.160877
 4.892129 1.679177 -3.333371
 2.798647 1.769602 -4.499655
 3.762162 5.346525 -2.920369
 2.643437 4.603408 -1.254075
 3.230704 5.861903 -2.636364
 1.573114 4.122677 -2.611130
 2.145099 4.559591 -3.040156
 2.549689 5.161484 -1.051740
 0.470019 5.024976 -2.545113
 -0.195061 2.377780 -2.904875
 -0.867513 1.187953 -4.092228
 1.790155 1.733052 -1.245720
