 -4.871186 4.538618 33.376938
 -3.491340 4.846424 35.513958
 -3.016543 9.000008 35.966818
 -2.132949 5.082214 37.663609
 0.443860 3.116261 35.660223
 0.650809 7.033251 35.466226
 1.975716 6.790323 34.128307
 1.423043 4.006922 34.962118
 2.100013 4.065949 32.231043
 3.653629 6.788947 29.712004
 6.340227 4.749880 31.459855
 7.386136 4.181482 30.841560
 8.111094 4.644164 27.143887
 8.216772 5.481431 26.708345
 10.451802 2.914799 28.443005
 10.715366 2.877854 27.882378
 11.429679 5.459488 25.497962
 13.242632 6.757377 26.188805
 15.484071 3.358886 24.952067
 15.439294 3.085754 18.657483
 16.741974 7.228522 21.729464
 18.261382 4.802818 22.191634
 18.365038 2.425589 21.647654
 20.873941 5.779886 18.825202
 22.807110 7.039360 21.405744
 24.305503 3.003677 21.818311
 25.800984 5.038402 21.526307
 25.096629 4.302608 21.922470
 27.940364 5.540041 23.864478
 27.969258 3.002995 22.447874
 25.610652 1.610264 25.527809
 25.254465 -0.859693 25.880776
 26.302622 -2.236261 27.723489
 21.875524 -0.160058 26.967532
 22.605566 -2.234171 25.386358
 21.827003 -4.386152 24.278013
 20.902641 -3.032843 28.726778
 18.190871 -2.190531 27.331030
 15.789854 -2.164420 25.210520
 17.640191 -5.656812 27.644698
 16.465568 -2.827388 30.796567
 15.588219 -2.094389 28.091959
 13.552782 -4.253578 27.592125
 11.213511 -6.733985 32.441197
 11.687772 -1.770518 28.194313
 9.699686 -2.541976 26.073826
 8.455034 -4.996540 29.652749
 7.313232 -4.175681 32.615360
 7.781082 -2.237909 28.014321
 5.281304 -4.552529 28.547776
 4.511300 -3.936491 29.702533
 2.226224 -0.728140 31.117955
 1.728354 -0.050676 28.801658
 1.254669 -4.938905 30.363944
 0.632583 -3.497642 31.637548
 0.705284 -1.075011 31.435829
 -3.032798 0.585752 27.528876
 -4.728075 -1.077081 31.691469
 -3.075991 -1.053525 31.026773
 0.178415 -1.112015 31.890400
 -0.104470 -3.115857 32.798811
 0.930117 -1.027514 32.670010
 4.718485 -5.485364 34.602105
 5.167767 -5.625198 30.277382
 5.668019 -1.943086 29.991671
 8.624730 -3.861348 33.469744
 10.619093 -5.562910 32.559050
 11.433732 -3.792621 30.721905
 10.866799 -1.781904 33.180882
 13.087480 -3.426470 35.219399
 14.712957 -4.222053 31.703409
 13.567004 -1.345135 30.927405
 16.078692 -1.312861 34.504938
 17.149859 -0.687578 35.377949
 19.255419 -3.047081 31.598969
 17.368730 1.142024 31.831149
 19.894231 -1.347853 34.128033
 22.624277 -4.086611 34.047962
 21.274894 0.453069 30.574355
 20.899430 2.635545 33.664130
 23.505096 0.226596 34.415768
 26.331055 -0.670124 31.945301
 25.590774 3.184526 32.757884
