 89.316875 105.063053 51.239493
 98.377194 97.475540 38.367608
 102.497290 92.105304 36.971696
 102.723178 98.600739 36.760798
 97.175850 83.391325 38.655836
 100.852594 107.759284 49.555856
 95.371958 89.984952 37.045043
 109.777069 78.664025 37.598891
 100.268892 77.015874 50.944737
 101.043222 87.244355 42.318203
 108.562576 91.670517 40.876765
 93.028288 75.559981 49.684134
 107.651456 85.940314 34.771478
 93.775693 83.592094 44.615382
 105.121483 98.543509 34.543785
 95.617005 95.388361 39.680369
 103.503969 89.727070 32.226682
 106.729456 96.993251 43.961821
 96.325405 97.562871 33.458816
 107.556200 83.706962 21.061136
 104.888971 105.513040 19.225566
 108.164912 89.086734 39.518338
 102.807718 79.581025 30.014538
 101.150683 92.510205 32.515497
 104.597367 88.397094 24.886274
 83.604711 98.112243 32.957583
 98.244597 87.521852 31.744429
 80.894286 75.158910 17.889295
 98.082728 73.897458 22.878160
 92.106226 81.555835 16.776369
 94.421728 83.144384 27.527810
 81.307277 75.742215 27.610222
 94.600396 59.013855 28.932757
 70.126972 68.197418 30.013723
 74.424672 54.803547 24.375197
 101.174403 69.190370 34.433967
 81.007573 67.614782 24.229210
 90.846868 56.442915 49.669257
 87.664539 73.997050 32.100368
 90.649077 65.328014 33.796493
 108.225252 72.169385 31.233217
 88.722274 69.040617 24.325448
 80.828475 79.290310 35.032694
 97.804112 49.808946 18.585676
 90.212503 69.018995 24.774572
 90.709296 60.269210 34.188989
 97.098000 79.602805 30.526631
 94.107622 79.063280 31.530755
 98.143224 81.396601 26.452225
 100.549844 81.481573 39.213936
 91.315112 63.031123 26.393521
 77.773948 71.605914 30.053484
 99.655068 69.382945 29.981636
 95.307178 57.943514 10.784865
 96.478488 69.408402 29.007834
 95.333715 71.025818 32.588544
 93.448577 68.729627 18.464766
 91.264828 63.012425 29.508591
 96.271342 87.700724 28.414669
 92.335450 69.663057 20.125544
 99.184307 83.477695 26.337316
 99.207276 91.339758 27.057102
 95.497751 82.269935 27.637576
 86.497831 81.121878 23.987269
 87.711097 74.654647 20.347459
 76.890685 87.739901 31.037936
 98.476884 86.681368 20.909261
 89.713954 83.752607 32.217169
 87.630119 96.614054 21.542354
 95.890508 96.669617 24.767247
 75.192192 86.242544 34.576691
 75.876480 80.567186 28.382719
 91.330531 92.119898 18.632541
 81.816965 83.786941 24.300010
 83.841620 89.911591 38.691062
 84.149350 94.458265 21.374535
 96.391599 93.193340 19.369143
 92.279029 86.258874 22.107149
 90.286839 89.182768 29.340550
 91.253492 82.114800 18.520755
 104.713132 84.402595 28.349639
 103.301045 72.752052 38.532817
 93.719966 89.834281 34.035803
 90.888559 94.236743 31.762793
 97.199202 88.257996 37.343118
 114.537945 96.053714 24.864004
 97.998122 89.018356 29.626222
 100.884198 85.749607 32.917352
 93.138447 87.354931 9.014098
 95.678349 83.219064 34.552974
 88.741350 74.874524 16.178777
 92.092431 90.145934 27.334642
 90.207084 75.888563 17.582841
 79.788468 79.861865 3.926792
 86.365050 80.151021 12.394557
 91.475222 97.176395 18.784799
 92.256808 76.688680 25.614809
 74.155098 84.357883 28.417332
 81.335482 77.181392 36.255369
 87.411689 97.854549 17.894701
 75.831147 87.804336 17.345224
 88.290649 95.644131 31.023736
 83.495110 98.420069 9.810351
 81.968280 100.724318 35.203854
 81.662434 101.266496 24.198310
 73.567352 99.707460 31.212034
 87.157585 92.565727 30.903936
 82.385734 103.853812 33.750583
 80.503994 111.016918 20.650885
 95.840493 107.815295 30.771431
 88.313284 113.829038 38.588718
 84.674576 107.987345 27.413185
 77.555582 94.883246 33.581257
 89.356617 101.240217 28.045060
 97.296447 95.784870 21.097073
 83.370274 98.800391 23.172656
 89.092781 97.422699 25.640791
 81.001583 95.229303 18.998602
 88.360204 104.757084 14.482160
 79.555677 96.786072 20.897815
 80.088009 81.921358 29.977609
 77.748532 86.383370 14.540821
 83.690249 83.485842 12.560035
 87.967605 84.697649 15.555076
 97.735091 83.201642 19.622065
 90.707205 88.871147 30.107826
 106.330903 111.408881 18.198474
 83.803574 95.529330 5.016751
 98.416828 101.361958 16.476085
 69.197916 96.465320 3.394469
 87.619273 102.892016 15.163008
 77.165127 99.167859 20.098390
 87.953658 94.102735 1.957585
 108.289781 99.663786 13.259719
 90.484471 109.026765 14.037072
 88.833215 86.381136 8.455911
 106.182465 84.352775 29.541076
 89.102667 101.797373 30.383008
 96.680710 93.524529 15.564930
 78.553115 89.131943 26.329236
 100.800385 90.029618 26.978943
 76.588803 97.841456 24.880655
 86.425818 97.349049 29.679120
 88.191559 88.239729 18.398858
 94.235413 105.141125 8.391570
 94.817423 97.578120 23.751230
 89.442544 91.763450 19.233126
 76.826200 110.634278 19.801215
 83.748286 93.291388 26.490894
 87.283661 97.138944 41.982741
 67.949068 115.623019 21.223183
 73.579210 111.441844 33.098030
 75.893894 83.714913 37.609282
 84.689887 89.750533 23.657881
 90.722151 74.611283 28.952581
 78.688077 82.599072 27.748865
 89.511270 86.070492 20.191959
 80.643906 91.579643 30.895623
 79.760624 94.942946 33.318803
 91.699925 94.132373 42.587651
 96.565562 90.519448 20.800548
 91.225691 93.635190 25.895283
 84.953276 92.907698 31.079605
 101.226702 109.780293 8.611669
 118.774776 119.019945 13.437101
 111.381681 107.482905 5.920989
 115.637031 117.795438 21.837291
 99.303240 123.624440 8.857305
 116.483286 118.355094 25.861321
 111.538323 100.813058 23.186898
 122.229954 111.657491 11.130325
 112.795762 108.260203 3.479677
 102.606520 112.879068 12.106176
 111.009622 126.644414 10.473240
 102.637418 98.842192 10.565923
 103.492614 109.399676 4.632105
 104.806607 101.320383 13.043790
 104.600067 101.133408 22.250829
 110.000313 100.394741 1.667323
 112.235676 95.054714 -0.800211
 108.883134 102.004128 12.046004
 103.317197 90.492383 2.889994
 98.931676 98.130154 7.487774
 100.005714 87.628751 3.203710
 103.499063 93.228501 0.335219
 100.998269 94.826941 -3.468641
 104.313357 101.326817 9.517354
 111.590557 108.606191 7.942386
 118.353835 118.322069 -0.337399
 115.995176 116.171627 3.476671
 124.192466 116.045804 6.960852
 132.451586 109.645170 14.562900
 144.025307 104.874151 0.189901
 136.099731 106.838795 -5.673375
 140.080219 107.722901 15.438758
 134.735544 117.774805 -3.152400
 139.541866 110.630020 -10.752484
 125.002128 114.796806 -9.605469
 132.099793 123.913434 -11.117565
 117.149271 130.244944 4.676363
 129.635562 113.544287 27.073338
 135.252438 112.745906 17.977121
 141.210600 129.986294 5.472102
 132.918555 128.842749 21.037240
 134.408057 121.846702 0.410126
 136.613234 108.843873 11.956579
 134.709789 117.037956 21.657780
 134.713120 107.401131 22.547220
 129.710995 117.727586 9.818033
 140.848786 108.857027 16.812865
 131.114809 116.496704 6.382197
 137.886597 142.215752 18.437555
 118.524892 115.923656 32.607500
 133.171331 123.654440 7.007309
 129.045360 118.771811 23.272999
 117.809654 108.100909 25.037420
 115.999392 118.823238 2.020077
 113.799614 118.098669 -3.476908
 121.945000 108.574675 21.770293
 114.065688 121.989556 19.969820
 117.523589 92.261658 16.109375
 114.654971 106.531871 -2.473579
 102.829983 107.871951 10.414442
 119.795334 91.331635 -3.701805
 115.505325 103.286432 2.865047
 129.039930 98.518710 14.254177
 125.124539 100.742545 -8.794540
 105.084902 107.629955 6.522594
 125.163160 115.549827 28.978604
 112.592508 100.764006 11.104224
 124.337878 102.451009 20.445418
 118.126923 115.401731 0.363489
 131.803994 110.004842 10.282553
 133.153357 113.824525 9.459085
 131.817893 116.442848 16.287776
 135.530223 116.700276 5.262249
 133.198557 127.117355 4.289993
 130.208330 105.623479 23.088932
 136.777455 113.901561 9.717189
 133.162828 114.515092 14.681819
 144.423376 119.058826 14.223659
 137.583969 127.818294 15.340176
 88.441498 104.340734 6.838004
 77.122815 106.965498 14.734541
 89.718069 105.707392 9.894605
 78.504851 127.175451 12.749514
 80.391997 113.491793 16.104347
 77.025031 107.747366 17.599105
 73.465082 111.256481 17.718357
 74.360240 127.850510 27.417156
 94.035597 109.556405 11.027166
 84.627933 125.711445 4.204366
 71.752879 120.850621 4.762852
 77.159519 133.152907 17.286413
 84.363522 122.511648 0.004968
 96.473511 125.030579 8.140110
 92.012441 136.898303 2.889157
 79.577409 115.790331 20.013740
 83.813833 110.819665 19.567634
 89.741076 128.884901 18.048477
 89.557631 116.660087 14.840409
 86.139447 139.171338 5.197618
 100.470973 112.676789 15.079614
 79.505742 134.693325 22.021703
 98.078359 109.033570 12.078563
 114.509755 121.284862 33.036612
 108.114603 143.459881 6.576350
 111.469923 138.809681 20.950282
 103.189263 128.218688 35.952489
 96.205548 129.321695 20.642578
 100.369631 131.380540 5.735911
 78.601371 123.437224 -3.953210
 88.804059 131.060070 20.730690
 95.710514 137.515781 15.453960
 79.734869 131.224533 18.150510
 82.240795 126.929921 3.546209
 88.121911 134.451960 34.104125
 78.780242 137.042779 25.112519
 97.547135 129.133329 2.399135
 104.701268 125.389112 20.198137
 108.192833 128.950962 11.711621
 96.161602 130.878555 13.512032
 93.033326 129.396680 33.098362
 94.661534 140.333202 11.726848
 100.912223 151.087599 19.923379
 82.808975 149.682796 13.470511
 84.659299 115.485496 16.150029
 91.040393 132.996480 19.470162
 74.081536 127.799306 16.598309
 97.582277 123.491702 12.952661
 95.368825 114.558599 0.508388
 87.396727 127.398515 3.064564
 77.981358 116.305229 15.256750
 78.347614 122.404455 21.042879
 88.653399 112.422063 16.454978
 103.048182 112.719703 29.663621
 87.317642 108.905067 16.847837
 111.061772 110.130617 19.388892
 97.846241 93.283030 13.748878
 99.492855 111.840237 6.917327
 90.998970 100.977333 13.527423
 90.608973 113.252551 12.876747
 87.040548 106.279676 14.940516
 88.412266 122.378039 10.256857
 90.299004 122.419420 -1.607461
 95.966577 113.568091 22.358051
 85.019166 110.511334 -5.181783
 92.974298 129.144429 11.141208
 95.395729 102.728264 3.329100
 81.083602 113.940927 14.403738
 82.292496 102.328941 17.995099
 90.375785 93.617189 -4.623809
 74.169215 90.131682 -8.627816
 68.816053 103.435883 10.321129
 82.410940 109.001195 9.102873
 87.209574 116.889978 -16.203217
 90.541702 109.043753 -4.142132
 81.079178 109.005182 -3.482099
 90.446695 108.648506 4.568005
 87.531135 99.063529 5.351455
 95.538338 121.946338 16.538290
 90.619156 116.956418 10.131904
 107.249326 115.262685 -9.340099
 97.902121 120.575562 1.347297
 87.500676 104.277053 8.580832
 107.304027 113.717324 6.220462
 89.157913 109.509647 20.888587
 95.763452 106.099358 9.201372
 105.342312 114.605394 14.646932
 88.703687 104.335493 10.485094
 92.046765 108.605888 20.005134
 96.156315 111.397461 23.023044
 103.410966 119.703460 12.241194
 95.517530 104.737634 13.995000
 88.721777 114.110044 25.940698
 94.993755 102.680511 22.396202
 84.944837 88.102621 25.183809
 77.861243 103.907314 18.820177
 73.482781 98.233910 3.163995
 79.970573 91.965578 12.036594
 106.627415 99.333284 13.456562
 94.458066 94.835500 12.157437
 101.344919 117.651478 -6.496360
 98.741798 109.054988 12.076044
 96.947861 95.219999 -1.582978
 108.172301 122.288832 10.758929
 97.306270 113.372627 8.526891
 93.825885 127.113528 7.291528
 96.575314 111.378300 11.189350
 95.308700 120.890544 -25.338112
 109.034790 109.605971 4.046281
 89.366297 117.928478 -4.611871
 101.123687 99.768701 8.954719
 99.978878 97.144842 17.842377
 102.521825 112.551939 -0.108367
 93.582952 119.596609 -6.543743
 99.049571 103.444234 -3.919776
 81.974223 106.212432 -11.593999
 86.696840 97.687333 2.498485
 83.254859 116.723829 -5.260356
 98.032210 110.584265 -2.757357
 75.357206 104.315487 -4.218726
 94.999142 110.983744 -0.726400
 84.171550 103.001854 -0.615101
 90.242676 106.946145 -15.118999
 86.003984 107.556012 -23.241467
 95.897919 106.364271 0.573346
 106.796958 92.658704 -8.179883
 114.734975 117.020786 -7.686352
 90.164039 104.087017 0.269305
 90.574765 106.844314 12.348005
 106.141812 97.978359 9.134000
 89.036370 109.048032 12.688169
 95.311608 98.141819 23.301737
 98.675781 91.142862 7.289123
 97.205205 123.296384 -0.002923
 100.042300 111.573457 3.297742
 100.991553 113.490637 5.907108
 96.459775 113.185300 -2.738190
 82.957950 124.376609 2.204855
 94.445579 103.402407 20.692023
 86.475660 101.524227 -6.307432
 86.802305 109.353173 4.257967
 95.350691 106.620929 3.246180
 91.584430 102.096976 11.022752
 77.636787 95.369251 7.737466
 81.150209 103.041263 26.101439
 82.129981 98.082762 -6.792232
 89.784671 89.175009 1.720598
 75.432003 98.327420 -8.881218
 73.687362 100.741224 -2.160405
 74.577949 98.778956 -2.279994
 79.204199 99.313575 -4.242374
 82.198237 118.246141 0.144873
 72.975076 88.291311 2.209530
 101.940641 102.150493 8.668834
 102.875494 107.317732 -10.374656
 103.992376 106.805078 9.397472
 117.225547 122.131645 -4.587483
 101.822398 113.847334 -9.785666
 101.414615 116.946611 1.714715
 105.038505 111.188319 -0.808587
 101.539457 124.384552 5.215623
 102.020508 138.840175 16.448438
 88.129092 130.834627 0.177813
 95.402062 123.807088 6.464042
 88.739548 123.540681 2.275455
 100.438225 141.843590 7.650739
 85.329978 117.969099 -9.236979
 98.344116 140.384018 -13.879714
 79.849642 121.505618 7.859613
 77.144126 136.647311 -11.275832
 71.172727 136.988904 1.779076
 80.892575 131.954600 -4.341711
 91.191913 125.457045 -17.602318
 93.261411 135.538189 7.364713
 98.453600 121.114029 -1.756038
 82.237369 124.845389 9.564823
 90.242096 125.743672 9.984886
 82.883731 112.812877 -3.383976
 78.727893 129.935443 1.787813
 101.786577 117.595416 13.859346
 76.833297 108.882621 -2.430148
 77.052308 119.563131 24.763248
 62.769747 109.115362 19.018812
 82.122254 115.779963 -12.946617
 86.114545 112.412923 8.198740
 74.487666 114.207939 -6.260300
 59.540303 109.476235 8.112339
 75.201918 128.792192 10.566822
 68.237743 126.971206 -9.543012
 90.866362 116.666014 19.602525
 103.019169 144.940233 9.781621
 84.930744 141.988901 15.230737
 91.598922 128.112844 28.549263
 87.960554 125.778536 27.577776
 108.932440 117.815935 -0.263236
 105.180080 137.570297 1.528573
 89.213987 130.383314 20.988417
 96.738148 132.502279 16.500800
 90.476793 129.432325 14.739869
 109.394541 133.709844 13.598053
 80.994888 136.843636 19.689373
 94.664603 146.375829 2.145331
 103.558964 130.449954 18.907433
 82.252505 131.154995 17.378726
 90.309686 130.539261 6.018010
 89.901231 128.225774 10.735741
 68.055102 129.232625 13.121930
 79.612731 140.891679 1.021964
 84.910430 116.861920 10.304030
 80.850944 119.678850 1.178312
 73.255221 128.477501 2.358568
 62.145931 124.336130 7.968382
 66.639617 105.378352 10.220736
 79.576318 113.040584 -8.665824
