 6.033997 45.371585 47.789615
 12.401917 43.090639 39.319198
 26.766243 43.008391 36.313904
 24.857803 32.435655 45.475101
 20.724641 34.691256 38.086241
 9.518538 36.921495 33.933627
 19.516133 36.902385 41.899232
 8.483284 41.970951 29.189363
 9.069304 39.876145 33.435852
 17.508110 41.412947 37.966204
 12.161878 43.813494 32.897929
 11.671134 36.428083 38.519869
 8.726762 33.167338 33.098527
 6.012693 41.071934 36.289360
 17.209753 31.610903 29.854877
 7.540124 37.772822 36.294514
 8.397073 38.363356 33.380775
 10.893545 37.986832 41.250127
 2.936059 37.016695 43.563184
 7.705630 35.434127 47.082656
 4.488995 34.989295 29.051718
 9.437549 31.286984 32.947978
 6.062905 38.426733 22.599320
 12.091129 30.088600 38.609275
 16.381803 28.874030 42.518444
 1.741419 26.321583 36.563402
 9.420756 30.409753 40.659807
 11.889670 47.984531 42.357621
 6.558933 24.509666 38.002479
 10.979894 37.594163 28.473723
 16.124337 39.733872 37.749260
 -0.203861 34.086313 32.612632
 22.853582 29.330086 41.061506
 0.883363 33.018757 39.330696
 9.790980 38.986213 38.804674
 11.035820 32.125727 22.054047
 10.169563 37.996817 35.649233
 13.888378 34.701108 31.033227
 24.468530 27.659914 35.548204
 17.442183 28.969592 30.798753
 17.106054 36.490450 30.048565
 10.891048 30.716082 37.049086
 17.221546 37.333194 32.194522
 15.597233 27.713103 43.516878
 21.799530 30.240789 47.994833
 17.476727 37.040837 41.204498
 15.317427 34.974830 36.210795
 19.032221 35.298578 45.442149
 12.069635 39.542247 29.034245
 4.523076 39.203090 41.588773
 8.568480 33.338684 33.931656
 16.560196 37.348418 35.619686
 29.142205 38.723538 38.520276
 30.768581 36.214891 35.653572
 17.153168 31.668373 43.318477
 17.374445 39.684173 47.144111
 18.347438 34.633893 41.818804
 16.540493 43.109263 31.709817
 8.023752 43.174316 47.312350
 12.389776 42.536499 49.544460
 4.623628 34.010395 36.613465
 13.288424 23.693939 38.406929
 5.795584 35.446838 45.616993
 2.730697 32.660291 48.769444
 5.776584 42.746693 35.861248
 13.876826 31.106448 46.888932
 15.936127 42.543078 37.670257
 2.688048 40.210346 34.048974
 12.488089 35.418777 39.023617
 14.812216 36.340410 41.542359
 12.842032 33.850079 30.069303
 10.735226 40.606957 24.904912
 15.545411 27.255269 30.290126
 8.118305 34.150048 30.175684
 7.651654 29.964457 51.138075
 16.801814 30.563245 30.550923
 15.120033 33.420625 36.280683
 21.741136 31.364559 26.870446
 14.937191 25.092030 31.738710
 11.209601 22.855798 24.049705
 17.314818 32.546165 33.958972
 25.867554 35.796174 26.241171
 7.292782 22.077867 37.290349
 14.396781 35.872722 29.955094
 13.064507 27.879606 38.422870
 21.802149 36.852818 42.739157
 13.010162 30.874554 27.225644
 16.876051 30.408478 28.931339
 15.220957 32.058903 40.177323
 15.824278 29.938349 48.411110
 22.070213 28.521293 34.812540
 12.390486 39.261921 33.165525
 16.345499 28.640278 41.205296
 18.574277 34.913004 45.187847
 10.830702 30.224615 37.547214
 5.260724 32.475459 59.070060
 16.483877 37.273909 47.683672
 25.145422 32.130143 48.977315
 22.540502 33.207406 46.132000
 30.092864 19.446116 41.724133
 17.940164 40.027261 33.301977
 24.063392 22.069605 51.183145
 21.986333 36.013941 37.993105
 17.639200 30.716568 48.551818
 15.963087 33.291883 40.284257
 16.282180 32.711655 35.284880
 15.991996 35.355384 33.197071
 17.230418 41.099774 46.180586
 22.840369 36.526173 42.954775
 32.125211 54.773006 33.625803
 14.397102 36.233396 42.836750
 14.580434 39.498804 34.506765
 28.238649 34.536698 47.280009
 16.976922 36.976319 28.501355
 22.635475 46.463340 37.358797
 17.311363 33.259830 40.817277
 17.481740 36.740981 43.104043
 17.966385 42.262203 42.292811
 20.079283 26.095756 28.892699
 12.769417 43.958258 37.641280
 21.740404 41.954670 35.835303
 10.666945 31.104427 42.031424
 8.313813 19.993031 34.971153
 21.384019 40.652077 28.398214
 16.451702 36.969464 40.395362
 27.404673 25.538909 39.058688
 12.177014 27.932714 39.147311
 20.753574 33.145597 36.668718
 17.337137 36.688643 37.853650
 15.604571 30.548381 29.032420
 5.642862 28.493692 30.497278
 13.555437 23.011131 31.875890
 18.253444 30.809682 40.463629
 7.774298 18.946253 39.976797
 12.800080 24.890712 29.967863
 19.069946 23.445262 48.019266
 17.691778 33.372996 47.841425
 14.874655 20.394486 41.946789
 10.752776 35.016063 52.716151
 16.290355 36.431651 50.681571
 14.512691 27.397894 45.098939
 10.551825 30.832271 49.534304
 9.882371 31.485214 44.729739
 17.825845 35.362807 46.188442
 16.321228 26.395287 49.055274
 18.105044 28.363350 42.315502
 22.987451 38.263014 43.840164
 17.185490 31.885009 45.831561
 28.941514 32.282358 45.000288
 22.646475 29.879678 42.680105
 11.583954 44.899824 46.939174
 16.515539 36.072913 55.766611
 18.193634 35.328432 40.553462
 22.241847 36.685232 32.783500
 18.939038 28.370652 43.771894
 15.154421 34.001590 33.113527
 21.011011 44.947310 35.358032
 26.029496 49.436242 37.347702
 30.845454 45.091616 28.841511
 23.515129 37.971376 34.494322
 12.383876 37.813478 37.882109
 17.514943 29.624791 39.372909
 21.458450 46.128853 36.763399
 20.385509 29.231725 45.446775
 15.524702 39.251686 30.923402
 12.582902 35.953075 38.747069
 10.478767 18.918359 20.704326
 15.656947 28.271632 36.097408
 9.718995 33.710681 35.707934
 12.395804 39.742766 41.064840
 16.772246 30.628826 26.943701
 20.399711 34.417764 45.284237
 24.282596 26.543613 45.879898
 24.076325 11.926879 40.789726
 21.325019 20.424180 33.643928
 34.894777 30.374358 64.285480
 16.981218 31.237182 71.130813
 34.731577 36.527366 49.640651
 38.891236 28.966691 104.114691
 35.901876 32.036912 102.227532
 39.901905 26.667367 101.853776
 37.294413 18.451747 99.941858
 40.727005 17.076229 104.264021
 18.801237 30.916314 110.829950
 24.345671 30.398450 116.067684
 16.433801 15.401204 106.443662
 39.130684 4.902511 114.765925
 26.426248 -18.876053 92.549470
 2.448508 -1.572721 99.792541
 11.307509 -1.291840 101.738712
 25.033373 19.311563 101.525001
 29.126631 2.777681 87.209791
 15.725190 0.287672 88.674833
 13.532761 -13.206364 71.633576
 21.510091 -3.117354 90.071505
 8.488850 6.220686 96.770555
 19.925389 -2.880891 82.809426
 29.787853 5.101364 91.014507
 22.193466 2.355272 86.322665
 31.547437 -6.750082 79.565795
 30.751818 2.117003 90.762133
 24.310312 3.235509 89.666450
 23.848410 6.251315 74.381461
 11.485429 24.866389 72.995337
 40.649617 5.294630 77.488304
 29.115807 0.783656 74.686024
 39.078029 16.688652 81.034204
 34.681276 13.039825 82.322095
 15.150827 7.400192 91.966554
 18.825342 6.989443 70.944336
 40.262373 7.596359 95.039950
 38.423514 4.433773 72.894380
 13.008131 14.623807 94.296408
 37.892435 16.421147 80.664308
 23.248905 -4.778735 90.208588
 42.054617 22.199340 81.820501
 32.011354 2.546997 96.703180
 27.417179 14.096305 84.926620
 35.742962 -1.237983 102.241689
 28.026166 -15.944113 92.686560
 23.664530 5.576594 105.936209
 24.033600 2.910798 95.722239
 44.738511 -4.317287 94.591627
 21.965728 -7.422696 91.463405
 34.672914 2.719391 96.604461
 11.875084 7.854757 109.041266
 42.272823 7.210530 104.952190
 20.809389 -13.525743 120.241587
 31.393875 -0.657871 111.800064
 9.690838 -1.761780 93.032536
 0.958300 -1.465247 92.928850
 15.136721 0.610117 107.796904
 21.973475 12.381984 109.986375
 4.262696 -2.227082 109.426463
 3.576218 -7.060968 92.503578
 22.525332 -1.756623 101.061886
 21.394906 13.731251 92.007683
 23.976769 -6.245165 118.238126
 14.686051 -7.831383 99.581210
 9.158662 31.403611 89.567891
 8.839545 -5.697928 113.566478
 16.796783 0.233902 99.646585
 24.193286 -6.958690 81.273084
 25.285383 4.503442 91.247961
 20.369584 -6.066054 92.500935
 38.974707 8.295551 101.186872
 12.429555 -5.021517 77.034902
 40.499037 2.422693 85.263268
 12.317090 -4.936428 87.297355
 19.351467 21.623410 69.455522
 38.034423 4.155110 86.907448
 33.564058 3.829495 91.870704
 20.881463 -16.925797 83.516702
 41.502402 0.181942 86.414663
 31.976339 3.165052 85.416638
 23.001783 9.001410 87.216315
 34.459660 9.867139 83.345363
 48.135082 5.604049 93.380135
 25.276419 29.517390 85.981829
 22.803299 12.691096 89.359343
 23.887088 22.609776 97.973059
 31.096541 7.465481 89.694623
 20.654881 22.585397 107.303481
 27.765455 31.453544 86.208333
 38.659444 25.747939 86.564899
 29.445383 -2.956940 87.723958
 37.381517 6.966504 101.017948
 39.529175 5.714281 114.842436
 22.010513 13.742425 88.663513
 12.243828 28.043149 91.152580
 15.274658 2.654657 103.399113
 -0.330123 4.995601 113.474052
 24.230575 -2.583500 107.292921
 19.286127 24.237417 116.269803
 25.566586 -0.986616 118.832523
 -4.451816 14.075465 102.833238
 15.200914 6.585757 99.390458
 18.613215 1.162557 109.913770
 17.349974 14.206654 117.630502
 24.605577 1.912602 87.506194
 20.323231 11.396687 110.041952
 16.418177 10.065697 105.892993
 22.687255 25.302848 108.141767
 10.391834 13.969253 101.924756
 2.968892 13.119231 104.767473
 31.829392 19.691389 104.611541
 16.062887 1.814671 100.640988
 23.599687 9.520594 83.317010
 11.669841 0.225357 97.189210
 12.428385 7.004769 99.951929
 10.754303 5.583264 93.452386
 22.822262 -2.824842 103.221984
 24.626887 -6.650678 89.783482
 20.916372 0.866180 92.908200
 13.831100 22.420685 79.750385
 26.296580 8.627886 104.472937
 31.421503 14.090744 83.307991
 13.177643 13.414648 85.808053
 18.465065 22.163482 85.551403
 26.679338 17.341011 89.926949
 9.654169 28.758671 79.602829
 -4.638323 11.593526 98.637404
 5.416998 19.193473 86.104298
 16.150007 5.233563 88.531449
 17.014220 27.619711 91.531217
 19.788811 16.949212 98.176902
 24.157150 11.928935 95.490162
 17.154028 11.844878 103.729720
 14.158253 22.118867 102.779219
 11.399699 21.782924 88.318669
 -9.007158 13.640188 90.437855
 10.744563 32.917591 101.612345
 20.325533 14.857358 95.581048
 20.706246 20.092248 89.141015
 30.517749 19.830105 103.228546
 1.836904 15.658942 110.726143
 9.489202 8.215750 99.356808
 10.871750 17.868447 119.154455
 12.331047 32.284362 91.524799
 21.275417 16.788638 100.823668
 8.072988 7.075931 120.708348
 15.982558 14.188278 105.177395
 18.662694 9.974262 90.419865
 10.948610 22.041874 114.240981
 2.335659 33.617556 106.908386
 10.689467 15.257180 95.187943
 3.574809 27.078453 119.330315
 8.217626 25.330407 108.264026
 21.055736 20.385399 98.023410
 5.109467 23.224573 106.034822
 19.836101 13.090198 112.632543
 -0.286375 25.494987 90.728652
 17.525104 1.980391 86.149365
 1.881181 20.405512 87.582010
 12.613738 24.292226 79.542299
 7.377108 9.681687 108.986651
 -0.592357 14.042050 87.056954
 3.412690 4.553762 83.933903
 -3.296043 19.425155 96.778202
 1.154028 40.983663 91.649035
 -6.484646 26.460730 109.350017
 9.514521 18.232136 97.571810
 5.483789 12.556136 117.419260
 -5.721232 39.428730 106.683442
 2.072921 0.769289 98.904460
 18.190359 8.540166 109.013745
 0.658942 18.932480 122.527977
 11.360968 10.454773 112.172862
 10.930172 29.130138 118.149355
 0.108729 24.942673 98.908433
 2.007834 31.566234 118.650961
 2.086349 27.246294 109.867859
 9.172404 24.559657 115.797487
 18.486478 26.880169 132.504886
 13.900164 31.728138 125.376069
 16.063584 11.895678 135.061091
 10.051384 28.846089 114.116926
 2.511409 37.367224 116.111734
 17.285161 29.102039 132.573108
 6.490128 18.911911 126.961541
 12.714321 42.987624 133.494904
 8.104913 27.446440 133.032282
 12.822510 24.197224 131.585386
 3.071229 23.068816 139.843894
 -6.198089 34.264132 133.314327
 47.506961 23.950952 101.408051
 35.236731 33.995217 81.634633
 51.787523 28.583191 76.535893
 45.590667 29.748658 85.687686
 36.244781 26.446411 95.042204
 53.248475 22.588176 77.708433
 47.945325 28.052364 96.860073
 41.241574 30.177197 82.696897
 41.012983 5.196785 91.269040
 45.302945 18.611015 91.759161
 26.774926 18.286252 64.397490
 34.043979 6.881996 81.491907
 31.338387 11.797191 97.970732
 25.022214 16.800375 85.942699
 42.954024 18.655108 82.347726
 38.064501 21.279253 109.770109
 23.877473 7.316766 115.376162
 20.062207 -3.797238 101.864234
 19.690969 15.894641 119.176975
 24.564986 9.625684 86.495902
 37.834303 9.235647 95.024489
 28.575490 -3.742008 88.724293
 17.330990 12.655493 92.885574
 16.322367 12.813054 73.963286
 30.648293 13.951430 81.014781
 19.236180 0.894106 83.347311
 22.095040 21.111573 80.064409
 16.140057 20.490701 112.886780
 35.305591 15.943868 80.899296
 43.516340 18.139275 90.579406
 39.692461 10.107399 64.872095
 52.594237 14.817613 80.077642
 48.171186 10.749806 81.442067
 35.041519 30.583278 78.530129
 38.619830 15.080211 53.310606
 33.539693 24.676599 65.416964
 45.367859 0.135775 52.735269
 38.784390 36.335029 82.332950
 43.831350 21.850927 77.383418
 42.216906 5.890699 71.231943
 41.536467 15.584671 68.623044
 57.157588 14.039495 60.779743
 29.587013 30.927840 60.236500
 42.848154 43.520248 83.905197
 27.740610 51.357005 73.958905
 25.287960 24.137976 69.976271
 23.975025 43.397866 55.311633
 40.061031 46.516343 84.043978
 17.095680 45.909862 79.201953
 31.980768 24.577402 90.065505
 44.079051 19.659367 87.116887
 18.901637 33.619908 66.190461
 26.195817 29.226149 78.641394
 41.424472 26.040622 76.633342
 26.336631 30.408991 91.114589
 42.972559 8.631452 81.343592
 39.822795 8.969602 77.747215
 33.627102 20.689536 102.676628
 38.021114 35.118969 92.719112
 18.293664 44.125237 82.787758
 21.291511 11.720085 94.004449
 19.449023 27.003441 89.379459
 38.054717 29.369807 93.411733
 13.386997 15.866001 111.966572
 30.186676 11.248988 99.239440
 13.136383 12.346080 100.411951
 24.111541 15.673440 91.650217
 32.418326 17.184483 95.008099
 3.872170 4.677579 85.115162
 25.568091 22.797096 100.592329
 10.456949 16.913814 87.863671
 14.041803 24.653043 92.328324
 20.667082 7.591782 85.998970
 23.239906 17.024930 77.179479
 39.927848 27.195586 94.569805
 2.519306 17.291452 61.582879
 12.870473 9.363518 85.784915
 25.045743 15.104784 98.663952
 31.418837 30.598297 100.185530
 17.975445 7.987180 69.072289
 15.881897 29.955892 70.970204
 47.444386 30.334711 73.719265
 36.739278 16.842628 77.907183
 32.059041 27.327111 65.960254
 31.419639 44.196431 75.855324
 33.842042 29.970771 72.887856
 33.665768 22.245264 85.733773
 32.340570 21.960907 63.574142
 33.730291 12.752262 75.583998
 30.710020 48.110750 59.264162
 34.852497 40.140824 57.805965
 30.847352 37.935104 69.418724
 18.923765 33.857799 60.110731
 41.182074 36.009906 66.408532
 23.174591 31.578739 73.790312
 19.692971 24.765586 75.867706
 22.997397 24.337025 87.274540
 38.903088 48.687211 72.792751
 26.351390 29.615330 77.300070
 12.557425 20.346789 88.934304
 41.443161 42.876989 83.878159
 22.408907 36.798354 71.306797
 22.779251 27.308640 81.147547
 27.580604 17.544285 73.728308
 25.908047 8.337032 98.203874
 16.071881 24.961280 89.536904
 38.503206 34.292102 84.670018
 16.884502 30.053448 94.448747
 21.841129 30.581367 83.195105
 39.462909 23.509064 85.603889
 9.811572 22.447829 101.805508
 31.583703 9.253844 104.812488
 20.133309 15.931664 107.231347
 9.501357 27.933225 82.398916
 10.750107 26.465129 102.265702
 17.710763 28.446094 90.691649
 13.953460 15.341599 93.163433
 17.531009 21.789125 80.915045
 13.214455 26.538635 98.661654
 23.241849 18.153655 92.055494
 2.432099 42.615309 81.679104
 17.900019 16.951057 93.185265
 3.508921 17.811116 109.882572
 27.125077 30.571623 97.929078
 10.000623 31.764754 86.427786
 35.304633 27.569855 95.828349
 24.182898 9.521138 65.336250
 7.486312 43.202235 84.197240
 32.911278 24.374699 75.574089
 9.226456 18.999897 65.041462
 16.676221 37.746328 79.242837
 26.179106 38.251918 55.744215
 13.433512 39.767398 74.887795
 25.489242 28.661257 68.542009
 5.430807 12.579383 66.776908
 12.314254 15.803580 71.723798
 12.680192 27.304999 63.006314
 16.036882 24.558469 62.416084
 25.211459 35.044208 58.843135
 29.865846 45.467743 60.183049
 2.890761 33.386387 94.519362
 9.375312 24.374020 68.946862
 11.949487 28.615561 77.895763
 25.531182 36.393860 54.900228
 13.270713 20.612181 61.759779
 29.850795 36.513639 80.528568
 34.341157 36.671306 86.863847
 21.974678 30.801102 88.414463
 28.520127 19.441583 76.052625
 15.430468 39.851168 89.600891
 29.216760 54.833832 86.170427
 18.166011 37.307338 92.961561
 20.167380 31.807043 70.779414
 26.114082 48.195719 99.441446
 28.147255 34.359807 73.633536
 3.162425 37.638932 89.264703
 17.166987 56.258498 79.094984
 16.956098 32.026326 94.647557
 16.841061 42.518386 106.026295
 0.143667 34.987586 81.817369
 22.081052 30.646021 86.324572
 11.582599 30.728323 98.875949
 14.091701 33.068328 65.543932
 13.868536 49.291326 84.577055
 14.524121 36.659278 91.379193
 12.570862 16.092495 85.842984
 12.123579 41.902315 97.677303
 13.784273 23.215928 90.396723
 -3.563357 25.979410 86.079911
 -6.512292 28.700313 68.900579
 18.093895 35.733945 69.690268
 0.008359 38.831052 86.502005
 15.436760 28.505295 71.892064
 26.869943 18.333806 78.348770
 9.740675 34.646021 68.613443
 9.823531 17.567485 72.884868
 -5.933174 10.980134 61.007900
 -0.328769 33.459679 76.785589
 17.805440 33.907967 61.147307
 14.745907 34.521590 81.466237
 -1.098434 8.314035 63.278930
 -47.607974 12.191688 76.533256
 -20.690540 13.205583 86.509770
 -22.292885 21.671482 97.028306
 -21.381984 13.623736 75.985414
 -11.994272 29.393477 93.462312
 -26.398483 15.966054 85.876251
 -15.886905 27.204717 99.342698
 -29.021283 40.188310 94.408452
 -4.998866 26.391618 94.135115
 -14.157461 29.457280 80.439513
 -20.544920 21.301731 75.862770
 -5.878869 28.323994 89.096624
 -23.129531 37.824350 81.567310
 -11.265359 22.847294 97.719616
 -12.262517 37.952710 90.921453
 -22.030169 31.548976 84.777725
 -5.535706 25.544966 85.945432
 -3.656594 38.160285 97.922787
 -5.815212 31.574458 100.219785
 -2.502485 30.975714 90.190245
 -8.081563 41.134368 89.755625
 -0.774066 48.977061 104.780824
 -8.874891 30.662388 105.867583
 -6.467809 52.849312 90.612261
 10.018456 18.960343 98.546538
 -14.623117 24.790738 95.086730
 -17.019014 25.812572 87.549177
 4.638959 32.646383 102.758175
 -5.207479 28.997631 82.211154
 0.525680 41.457432 69.151785
 -9.697785 16.678323 97.269457
 -5.075145 29.742939 89.005601
 1.280957 27.375662 94.652461
 -18.405233 22.888076 81.437115
 -15.484253 33.084893 74.198768
 -13.101714 29.714394 70.997192
 -0.850678 22.514874 85.499859
 -25.217418 16.400891 61.832880
 -12.076170 20.363490 80.036982
 -14.675285 22.763509 78.751980
 -12.214998 11.096899 68.413285
 1.503247 23.001772 92.128483
 -19.498903 16.565484 68.253161
 -14.479847 8.786575 81.383820
 -28.324901 10.677089 79.217441
 -10.219757 8.957540 74.629453
 -19.615835 15.760745 75.672150
 -17.518901 17.751135 64.231093
 -15.252940 23.171754 82.470293
 -6.339873 4.651380 66.127953
 -1.606677 13.755971 66.798860
 0.177768 19.066397 86.655339
 -24.133973 18.493367 79.257387
 -8.323854 8.256470 87.116997
 -8.162340 3.085404 81.050379
 -23.386847 10.615744 71.479077
 7.786086 18.779668 73.276266
 -3.838672 21.667812 82.216415
 -1.781495 17.592459 88.548610
 -7.247650 14.019110 89.237080
 -31.399321 20.223820 91.111142
 3.521514 3.093185 85.297297
 -12.311867 24.104082 83.653791
 -10.041163 1.339030 84.322735
 3.157257 25.820361 95.821704
 -13.142966 42.846731 112.858437
 -3.377200 26.852670 111.529786
 16.222864 18.346513 97.849981
 -4.310934 15.910683 88.938521
 20.780910 29.425702 102.965834
 1.353320 24.363152 88.698141
 -6.873353 36.886158 81.287948
 19.790678 12.275702 98.870872
 14.893204 15.462896 83.982619
 -12.534526 35.779755 88.391206
 15.144690 16.861409 78.982401
 11.825984 15.540328 83.816811
 0.293572 34.092703 75.599605
 -0.181804 26.774368 87.682793
 2.446359 6.608318 70.145292
 -14.026650 13.776279 79.835885
 -6.646870 26.501382 76.250793
 6.105983 17.227743 68.126102
 -3.860164 25.690618 82.496836
 -24.109045 6.309791 77.251722
 -2.234031 16.877940 49.618141
 12.609308 4.458257 64.069628
 -7.255901 17.453596 94.407533
 5.953978 33.981787 72.895042
 11.004572 19.078021 65.980947
 -2.255909 8.933955 63.219520
 -18.699622 11.081154 75.488640
 -1.733743 9.331102 72.029877
 2.803071 5.562553 69.885115
 1.159214 -1.461239 71.672621
 -19.604784 25.690082 64.501020
 4.621895 9.708662 78.253696
 -5.013099 13.508650 92.884671
 18.092987 6.349867 70.185065
 2.585541 -12.812467 74.811717
 -6.996086 8.383393 82.117908
 -3.886743 10.095144 85.357764
 -2.850975 20.625637 97.776120
 -0.240522 2.936635 90.119546
 -3.299414 20.272725 84.786154
 -8.898146 16.209938 55.747491
 -11.555329 5.110041 74.602159
 6.677889 27.336278 97.878699
 -8.035849 32.256339 92.865949
 0.254801 12.315242 92.448461
 9.087730 5.611875 88.887372
 -2.559802 20.219118 73.443661
 1.101110 10.311418 103.354373
 -16.601291 8.413961 88.101932
 -4.866089 15.780076 92.970585
 -4.306090 33.142721 87.576350
 6.554808 29.517324 77.112553
 28.987647 19.038074 87.059673
 7.181362 11.983496 89.269120
 -7.073471 17.861216 95.104496
 -16.631864 21.653926 85.812185
 -0.540948 24.020814 83.124027
 -10.556766 22.301458 87.392732
 -5.219938 7.638978 68.759060
 1.442874 32.222703 82.834931
 -0.991000 20.027241 86.007110
 9.146369 8.819161 77.081822
 -14.596260 26.876094 66.737505
 25.298544 12.248475 78.458327
 -4.460481 15.810576 86.061752
 -0.173326 13.087419 82.942546
 14.447630 20.149610 79.786919
 1.147051 18.776965 62.938413
 9.604141 2.731601 56.295345
 3.160106 10.413058 82.564981
 0.117024 39.308776 61.395856
 3.718824 25.074652 60.252513
 6.509200 20.826643 73.682716
 -6.410466 6.651501 64.842051
 -5.686199 -5.464555 80.120437
 13.506526 9.683818 73.904232
 4.093615 0.226224 69.714840
 7.286225 14.242826 77.401679
 5.083246 10.549943 79.065521
 -1.697813 2.247306 72.349667
 1.937682 4.813243 80.386659
 18.975555 24.662477 74.821310
 12.484406 -0.354951 94.522817
 19.296215 -10.577335 90.704123
 19.283369 16.175623 74.917430
 13.087570 -20.821226 87.518789
 11.721957 11.122082 90.246018
 10.069539 -1.898497 82.529550
 11.672344 3.406318 75.372244
 6.121111 19.864035 97.160429
 3.574805 1.670006 78.703452
 7.497313 14.754027 82.102460
 22.061306 10.925399 85.219706
 0.792466 -6.429136 99.933009
 7.012014 8.880917 100.539734
 16.975272 8.601479 91.140297
 7.687483 15.024609 100.134374
 2.197488 4.338533 94.062088
 8.622385 27.559628 96.070679
 -2.886659 8.230351 92.212949
 11.003263 -5.785663 82.441872
 22.176627 4.272785 88.070658
 9.212735 26.609949 94.488715
 19.370933 5.628161 82.367580
 28.424066 17.388618 88.678763
 13.414549 11.898812 102.369634
 33.309291 3.227023 71.860408
 29.562469 -3.520811 77.604141
 40.550340 10.943380 78.698661
 20.435488 8.606602 101.405026
 6.962245 4.146143 77.718836
 4.602048 6.308893 67.643787
 13.576646 19.685576 96.470454
