 8.774588 29.190907 12.732217
 10.956980 30.937867 11.729375
 8.901725 27.891096 14.673129
 10.936204 23.901899 15.477838
 8.147625 25.992445 16.523480
 12.098751 24.668634 17.170720
 13.121169 22.648174 16.848465
 10.442626 23.468292 15.202195
 10.668505 21.674605 17.012895
 16.727982 20.344409 19.060157
 16.426054 19.465133 14.648494
 17.144434 19.365993 15.911098
 15.012912 21.009396 14.220622
 16.341910 17.518133 12.559464
 19.641042 21.210010 15.119911
 17.680562 20.307175 13.114706
 20.326041 26.601357 10.364664
 19.950444 27.021514 12.121571
 21.400092 26.820338 11.435895
 23.875255 29.253280 11.888398
 22.889036 22.258585 14.976855
 22.424727 22.375895 9.524503
 22.236271 20.453105 18.914229
 22.497780 15.147192 15.458836
 19.878756 16.404840 17.897146
 24.212840 18.113966 21.894101
 24.460187 15.878037 23.942154
 22.218511 14.217318 19.651426
 24.868644 15.447543 19.996856
 18.969280 13.275273 19.195194
 22.287902 11.824495 19.378986
 22.636920 13.338023 17.328626
 23.124349 10.108958 12.915692
 21.407772 8.980151 12.987497
 25.449796 12.170502 6.586530
 25.581012 13.747372 12.008931
 24.892182 11.206906 4.155462
 25.607796 16.195019 3.467304
 27.685300 17.505337 6.901019
 23.361204 17.959907 2.567295
 23.825779 18.592787 9.004923
 23.800005 24.166869 13.147096
 20.281076 18.263111 13.154120
 22.166080 20.589746 10.661975
 22.765055 22.619986 12.836184
 23.778651 17.352329 15.926947
 25.342596 19.059485 13.114124
 26.024806 17.349022 15.774845
 27.522517 14.402742 20.591354
 29.505887 16.890755 15.966761
 33.198222 17.671353 15.442876
 34.088101 16.895923 16.587277
 32.361008 15.045797 21.772098
 35.165114 12.037371 18.166453
 36.729878 9.442342 24.554410
 36.996968 10.693980 18.698670
 35.870192 11.684061 21.312719
 37.309137 14.644321 22.137828
 39.066502 14.508932 23.492397
 39.531511 17.355527 23.031033
 38.248759 17.564157 21.503676
 35.890064 14.178055 21.699957
 33.148274 19.450255 21.956656
 37.641514 18.712283 24.278664
 32.953413 13.080723 26.772145
 27.743035 16.964201 24.422990
 24.890040 22.345642 21.937019
 26.284965 16.090287 25.275738
 24.742041 15.990646 20.927394
 24.531082 16.445694 24.138326
 17.495640 15.410771 25.246895
 17.169161 14.661019 24.031601
 18.891571 15.831075 21.727511
 16.568466 18.746353 22.646823
 17.356764 19.327258 22.036575
 20.436637 18.365429 18.793963
 15.754979 19.268336 19.663020
 16.704723 18.428663 19.180244
 18.044851 20.671316 12.652597
 21.831130 16.824449 14.883227
 21.352397 14.347415 13.615297
 24.499635 14.819209 13.789189
 26.463613 16.879780 12.661360
 29.284934 10.189189 13.596808
 31.511327 14.490608 9.719632
 28.919446 15.411422 13.554117
 33.066197 18.595949 12.024691
 29.493708 21.836130 13.529619
 37.585121 19.376952 12.816715
 33.199993 23.635340 13.051525
 32.710006 20.633551 17.224294
 30.699524 20.536256 16.472130
 32.934522 22.202840 13.476199
 29.333645 24.514859 21.727905
 32.212739 22.623102 22.366429
 27.956375 18.181600 20.174529
 28.101460 18.763998 21.694332
 22.844480 19.430222 25.121912
 24.368577 20.603875 21.691323
 20.203337 18.221585 16.964922
 23.129795 19.424253 15.851246
 22.091900 19.319734 16.853810
 19.279794 16.852176 10.342964
 19.604565 19.864791 7.287270
 19.304772 21.240601 14.703716
 18.428110 18.213432 13.407739
 21.378909 21.092915 7.490324
 14.430965 20.780474 12.417488
 22.719649 17.846150 17.372445
 22.409921 12.886338 15.754625
 26.774682 15.335647 14.382734
 25.034602 10.741282 21.341521
 22.314215 9.198769 19.994599
 26.049297 10.765395 19.536158
 24.966575 9.971370 22.464845
 29.724586 11.813010 20.927132
 29.915348 8.418205 23.275912
 29.002375 13.240891 20.217185
 28.419989 11.479216 20.711804
 27.850743 13.655904 20.549895
 29.896241 13.639146 18.335262
 29.865585 15.259654 16.631414
 33.166937 19.424116 14.876467
 27.570238 19.671413 15.366206
 27.393877 20.941778 14.859494
 24.463822 25.059994 18.857837
 24.462528 22.976870 21.483742
 25.847438 21.033513 17.211295
 28.373883 25.321045 18.551190
 20.400036 23.607313 17.908024
 19.135917 26.594760 19.920487
 17.242886 28.587693 21.881699
 21.531565 30.113073 16.738685
 20.561947 30.475541 19.796512
 23.150309 30.060284 14.836163
 18.787006 29.279492 15.208900
 23.460049 29.418898 12.985481
 23.283598 27.903491 17.842570
 18.383344 27.201192 11.835397
 26.748744 30.199772 11.429845
 25.135317 27.887397 15.528612
 27.573790 26.508410 12.232386
 29.164459 25.005608 13.648864
 24.886053 24.743313 8.362705
 29.662191 25.979538 14.534725
 24.640230 21.994329 18.448829
 27.654559 27.187312 17.298465
 25.416393 26.475550 13.749711
 24.712153 27.011411 17.415807
 19.679897 27.562235 18.091935
 23.120911 26.590554 21.432657
 19.982263 26.151568 23.595963
 21.477978 23.355341 23.230781
 20.382721 25.662451 21.172362
 20.824689 28.031078 26.991339
 21.202760 25.157021 23.906449
 17.424176 23.853721 23.574717
 23.065977 22.366209 22.133902
 18.475596 23.780282 25.471872
 18.611988 26.564931 25.173752
 18.647087 22.267198 24.882192
 19.633555 19.513111 24.078157
 15.665496 26.583463 26.546135
 17.421227 21.868226 24.294127
 14.425202 15.359318 30.215380
 17.540582 18.990452 30.567211
 20.645661 20.590726 28.967224
 20.815118 21.553326 28.734276
 20.545500 21.361696 29.524210
 17.935562 17.678952 29.139384
 37.610032 24.769167 57.414432
 36.733090 23.105607 59.240334
 33.281863 18.511733 59.273719
 34.420886 25.640129 59.538795
 40.334284 23.776546 58.503882
 37.281251 26.037477 56.683131
 36.312866 24.582620 57.736051
 39.058217 20.850584 58.536720
 40.572079 27.068685 56.882216
 42.244697 27.842133 54.974169
 38.376871 26.561900 52.820357
 35.819630 26.550156 60.649070
 38.860216 29.626986 58.306964
 34.880260 31.174196 50.125502
 40.231920 29.208664 53.105553
 38.893771 28.073529 54.278144
 40.683308 25.482367 49.050724
 38.325388 25.717324 45.586403
 36.755957 19.700963 45.109652
 39.648321 22.476603 43.988948
 40.328234 25.608950 42.172725
 48.408228 23.039006 33.995268
 45.156608 29.339617 28.247854
 41.824259 30.738061 28.595572
 36.443792 30.751333 29.598271
 42.072972 34.500812 34.091945
 42.465154 30.613431 29.405190
 37.821155 36.150930 30.639177
 44.125914 34.338367 29.229688
 41.169432 29.903750 25.356836
 61.820844 37.607404 41.694924
 67.526299 42.385619 40.436895
 67.334794 39.430788 39.865518
 71.819881 34.979130 42.158483
 70.416035 34.577176 40.393951
 68.942997 31.121494 34.066675
 70.948328 32.116673 35.390558
 68.078983 32.286386 35.717232
 68.170433 32.239080 37.562676
 70.172719 31.344645 31.721433
 66.484574 29.423565 36.752034
 60.444426 24.253045 33.322651
 58.257794 30.004563 35.242616
 56.101839 24.748908 37.748267
 48.780226 5.936210 41.520812
 46.854259 13.098086 35.292861
 49.069546 14.231734 31.389339
 50.719738 12.197229 24.255750
 45.483036 20.316334 24.176548
 49.499351 7.882313 17.026385
 52.034966 10.134212 22.105702
 54.368143 11.254715 17.983645
 62.448883 12.474017 15.434459
 57.383538 17.026192 15.712178
 58.680855 15.423856 8.390222
 58.327829 26.211649 18.808194
 65.956195 18.902294 17.939158
 65.318337 22.057496 17.939371
 58.436146 17.085902 8.286620
 68.744351 16.766945 17.381433
 58.447510 14.800165 19.816602
 67.373869 17.550645 22.291636
 55.671519 9.467097 26.141938
 56.573568 11.451928 27.505169
 51.910921 14.895108 33.104472
 53.984533 14.136708 37.159898
 52.076065 13.181150 41.431854
 53.236738 22.436156 36.098301
 53.973486 12.875915 41.402627
 49.359899 12.652573 46.203915
 45.497834 18.026032 47.775471
 47.817601 15.871724 44.744087
 50.694707 18.808259 40.894210
 48.012152 13.728953 40.332433
 42.539946 23.503735 38.090051
 43.695533 17.152800 41.464381
 49.225534 19.272348 38.536715
 46.655010 16.365023 34.953217
 52.582127 19.864316 32.862509
 54.492870 17.395914 33.560118
 58.702241 18.882961 29.014950
 62.543109 17.171823 27.237548
 62.784647 13.859703 25.978803
 60.576423 15.609571 26.886267
 70.905828 13.197758 26.482294
 68.062238 12.838981 19.097202
 71.236328 9.538669 15.325146
 72.828012 2.816661 22.078387
 59.602147 4.845708 19.575160
 61.143883 4.940940 31.091828
 62.738096 12.916827 26.178762
 57.993469 2.705605 26.564201
 51.750531 2.414302 25.116720
 53.335894 11.323628 27.598619
 48.620509 4.850982 30.188260
 44.689294 4.580864 31.306238
 53.211283 12.170552 31.220399
 43.822793 5.370985 33.783894
 45.223043 12.249436 32.446200
 57.876845 6.872528 39.361762
 57.431687 10.372694 34.362287
 60.185035 6.022971 36.267980
 70.751469 13.896877 36.381585
 68.122784 8.940165 36.782484
 71.717782 8.803243 36.134935
 68.441244 11.142530 31.424223
 66.880516 20.388641 32.641892
 62.648210 19.962207 32.337456
 60.362990 26.169061 35.843158
 61.440044 31.964115 38.301817
 57.064018 27.252209 29.714562
 55.080501 34.342018 33.915465
 53.714854 36.010451 40.554895
 54.955169 21.372540 39.751247
 60.093433 28.504627 34.918178
 59.939776 22.933447 27.593709
 57.552196 23.163961 27.681960
 57.986491 19.768175 29.575252
 68.620085 16.092717 21.877366
 68.083558 17.435002 27.673133
 70.234880 16.646530 25.326704
 68.270172 10.952602 30.211190
 71.678062 17.529801 33.147107
 69.937396 8.965581 31.308162
 65.216920 5.681067 32.479083
 67.054689 8.577811 33.043708
 52.487364 2.380126 37.865032
 55.052133 6.347423 35.610049
 52.201103 6.123233 37.001453
 45.434518 0.014591 39.753576
 47.588034 -1.803477 37.315227
 42.584608 2.536473 42.966979
 41.032523 1.285227 39.712644
 39.601359 0.979850 29.674703
 42.996635 -3.446970 35.271581
 38.743396 -7.430917 21.601964
 42.533251 -6.056695 24.395804
 44.016604 2.704253 24.524999
 48.956682 -2.735247 33.018711
 51.333084 0.307600 26.115286
 54.245820 -4.105835 28.495087
 58.515700 2.307494 26.980696
 66.069553 -4.500466 25.269133
 60.826555 2.650498 24.524052
 69.209585 2.111626 26.247984
 62.265117 0.412155 28.315957
 62.484230 -0.047115 31.409258
 64.374334 2.375659 35.916326
 69.577310 -0.175289 34.654802
 68.828932 -4.260841 35.585299
 63.809810 -2.795005 40.486618
 59.447295 -3.685447 39.886441
 60.377307 -1.438753 43.845333
 59.891524 3.266533 41.947972
 57.922073 1.864766 44.912684
 55.883747 1.489844 46.571244
 53.524118 4.217916 48.574436
 49.510238 9.079697 35.623161
 56.144942 2.783905 40.650765
 55.633163 3.572683 43.979467
 48.396324 6.791656 39.984541
 50.266245 2.130847 49.498325
 44.583485 2.555795 43.292605
 48.977341 10.327101 49.806592
 47.198533 5.033339 44.316379
 42.840513 4.370560 41.643252
 38.777660 5.529675 38.688086
 43.168428 13.051428 48.212661
 39.092308 12.693351 42.906060
 37.893850 9.369194 42.777568
